1498
1908
2494
8588
822
5382
1022
2922
2298
4070
3052
7934
876
5966
3856
5040
3378
7876
2128
3666
2176
1730
4160
4190
3570
4532
3366
3452
6200
2972
9404
8126
3878
4406
1756
2662
1644
1772
7036
1602
3786
10864
3758
1638
1368
1706
2698
816
1060
1394
9580
3400
4430
7516
7442
5906
3958
5892
6286
5740
3234
6974
2856
1504
1754
4264
4116
2654
7618
8298
12028
1602
3510
2074
3396
5112
6856
10302
5720
8370
4670
1066
2860
964
2108
4296
2364
3882
4284
3810
4576
4398
2102
46
4696
3948
6144
1716
1918
2092
2092
5500
3318
1948
3736
2276
2960
4492
4944
2464
4720
9182
4618
5786
2520
6934
3970
12250
5656
7182
1948
2728
1784
4728
812
4766
2322
5694
3908
2442
2544
6798
3358
7550
6496
2274
2122
382
2728
2438
4130
2378
2468
3956
1918
4014
4042
3138
2788
3150
2560
4702
426
1270
3198
6090
9026
11020
4750
6006
1984
5168
6564
5770
2940
1000
4970
4994
3556
5254
1394
756
2254
5808
6720
6062
13092
3072
3884
5114
3158
6340
4512
2100
2180
4508
3758
3094
7962
7724
2790
3456
1284
2572
3020
2764
6024
1696
2694
1714
1602
1928
4616
2946
2532
5960
4572
1916
1360
2224
6270
4316
1540
1812
3076
528
2902
864
670
552
692
1624
7708
13978
1408
46
4184
2842
3700
5280
2214
1776
3684
1592
1608
3596
1808
5970
1354
6250
7150
7436
5744
3364
6582
2052
1900
2752
3146
8944
11356
2592
2362
1968
2706
3644
9668
3020
9784
1592
6766
6562
3172
2196
2226
3004
4238
6882
2102
5164
1156
1470
3002
2234
9662
1708
3530
6488
4560
5014
2562
3810
4874
4420
2926
1618
6296
2978
1080
1984
1964
2280
3158
5472
2348
4480
1728
3424
3074
3320
7826
2010
2328
2638
2080
6808
2274
6006
3942
7970
46
5618
1928
2354
2686
2004
7156
1094
5368
6516
6424
2668
8782
3394
4788
8034
830
11868
8444
6672
10136
5764
2752
2228
2190
2968
2200
2608
3478
3290
10356
4692
3450
1184
5966
6824
2588
5076
3658
1492
4590
3998
10654
18754
2670
2968
10770
1068
3218
2192
7988
2434
1314
5576
7648
11204
730
5460
6472
10172
1130
8912
9012
6628
1146
6026
8022
11096
7266
4986
4944
46
1424
2570
4678
2308
3080
8186
3996
3210
5128
2236
1756
4146
6704
5828
6846
2590
2890
3890
7682
4298
1976
2694
2306
4838
6328
5104
2220
1606
2004
7932
3724
2756
1632
9548
1962
2118
4350
3308
2634
2030
3138
12096
12960
2434
2574
2326
10930
2290
1294
4748
4204
3936
6374
1834
2182
4710
2746
3946
3002
2176
3108
4120
1104
3768
3746
3650
2676
5626
2592
6106
2724
1222
10050
5276
1142
10458
2126
2236
1980
1698
3294
5606
46
46
204
106
132
106
